6.00 
6.04 
6.08 
6.12 
6.16 
6.20 
6.24 
6.28 
6.33 
6.37 
6.41 
6.45 
6.49 
6.54 
6.58 
6.62 
6.67 
6.71 
6.75 
6.80 
6.84 
6.88 
6.93 
6.97 
7.02 
7.06 
7.11 
7.15 
7.20 
7.24 
7.29 
7.34 
7.38 
7.43 
7.48 
7.52 
7.57 
7.62 
7.66 
7.71 
7.76 
7.81 
7.86 
7.90 
7.95 
8.00 
8.05 
8.10 
8.15 
8.20 
8.25 
8.30 
8.35 
8.40 
8.45 
8.50 
8.55 
8.60 
8.66 
8.71 
8.76 
8.81 
8.86 
8.92 
8.97 
9.02 
9.08 
9.13 
9.18 
9.24 
9.29 
9.34 
9.40 
9.45 
9.51 
9.56 
9.62 
9.67 
9.73 
9.78 
9.84 
9.90 
9.95 
10.01 
10.07 
10.12 
10.18 
10.24 
10.29 
10.35 
10.41 
10.47 
10.53 
10.58 
10.64 
10.70 
10.76 
10.82 
10.88 
10.94 
11.00 
